P2
100 100
255
164 176 187 196 188 180 189 196 201 194 195 188 195 198 200 194 198 194 198 194 194 187 159 181 187 186 181 189 190 195 196 187 186 196 200 201 198 205 202 195 194 196 190 187 185 193 186 180 186 178 188 194 201 187 185 176 182 191 185 171 182 173 185 176 163 178 194 175 167 179 191 188 179 173 182 184 189 191 193 192 179 170 174 186 194 192 195 203 203 183 181 190 174 168 156 182 175 161 160 172 
195 189 200 199 201 189 192 207 205 202 197 192 193 188 191 174 173 177 185 180 184 196 197 186 183 192 198 190 195 206 194 174 183 183 193 205 193 195 204 190 194 197 195 199 191 197 203 183 172 188 194 198 194 197 195 185 185 188 186 172 173 178 195 189 194 178 189 174 177 173 197 202 188 185 174 180 186 193 196 192 180 174 187 199 198 196 204 199 189 182 180 190 193 202 188 190 174 169 162 186 
199 197 192 185 182 191 192 193 190 170 173 177 183 186 187 179 178 192 194 185 187 187 188 189 182 189 191 196 193 203 204 190 182 187 181 194 193 204 197 193 192 188 180 184 196 195 195 197 198 202 195 188 189 193 192 177 179 170 181 184 178 175 194 192 181 171 182 158 173 189 172 182 188 186 187 173 182 187 191 179 183 184 194 202 206 197 187 198 177 172 172 179 187 201 186 195 188 181 155 182 
171 176 193 181 192 189 179 181 189 185 187 194 187 187 180 190 172 192 192 182 193 196 194 183 182 190 188 186 183 186 198 195 193 202 198 191 187 199 208 202 183 182 185 183 198 199 186 178 186 196 178 164 193 187 189 189 191 184 174 173 186 185 195 200 195 195 197 187 184 185 183 193 182 154 157 184 187 177 179 188 184 189 185 191 194 191 179 197 185 159 178 179 188 181 185 202 190 190 176 186 
173 169 185 181 190 185 182 196 196 199 190 190 193 200 193 193 188 188 185 186 204 194 193 196 186 177 194 188 192 191 179 185 189 192 189 181 185 190 206 199 181 183 188 179 188 208 193 191 189 190 181 188 190 185 187 185 189 197 187 173 176 188 195 192 200 194 199 185 189 186 194 184 184 182 179 191 195 194 186 182 183 192 194 191 199 191 204 192 201 193 187 186 199 180 169 194 191 198 201 197 
168 171 192 186 175 182 178 172 181 196 190 189 183 178 200 201 200 193 195 193 201 196 186 196 183 191 192 194 192 196 180 180 179 190 178 183 185 197 205 202 190 185 189 171 176 192 185 186 187 200 189 196 201 195 195 178 196 197 190 174 177 184 184 187 184 180 181 187 197 191 179 170 179 198 189 196 191 199 192 178 182 194 205 204 198 187 209 187 195 203 199 196 196 189 177 199 199 193 203 194 
186 176 176 184 180 170 182 192 190 189 190 195 189 182 190 185 186 183 193 191 187 182 194 195 186 194 197 191 188 201 201 197 196 191 159 181 183 180 174 197 202 190 187 184 189 173 169 183 181 184 184 191 197 199 196 193 203 194 183 180 163 173 187 184 170 168 168 179 194 196 183 178 177 191 200 197 175 182 204 183 190 189 202 201 195 186 194 200 192 194 199 190 188 193 195 195 195 193 188 195 
192 177 173 176 183 213 239 241 224 192 183 200 197 191 187 184 177 188 189 194 195 193 197 200 198 188 187 193 190 194 188 181 195 202 194 182 185 188 151 159 191 177 178 196 174 182 186 171 171 174 181 185 198 195 196 195 197 190 186 183 173 185 191 188 188 186 184 189 185 184 192 189 180 182 192 184 173 186 194 183 184 184 198 186 186 192 187 183 175 197 187 181 193 180 195 188 202 203 184 188 
184 221 233 232 232 245 244 240 240 230 208 180 177 193 191 181 185 189 183 194 184 180 192 195 200 199 199 199 192 191 190 192 189 188 195 195 196 192 186 164 184 192 192 195 192 196 195 174 172 179 186 183 193 194 181 181 185 191 200 201 198 197 192 191 192 193 187 193 184 180 196 179 180 183 181 191 186 187 187 188 180 186 198 202 179 181 196 185 166 177 190 188 197 192 196 188 181 190 209 197 
228 247 241 240 238 234 231 230 224 230 230 204 191 203 188 171 191 198 196 192 194 183 192 195 194 193 194 174 188 185 188 199 192 174 182 186 198 200 198 189 181 191 201 187 196 200 197 193 187 198 194 193 198 195 188 176 197 192 193 201 197 203 205 194 183 190 183 184 190 179 184 177 177 190 198 203 192 188 189 190 198 188 200 206 183 161 190 185 189 196 197 198 190 198 187 202 179 189 186 189 
241 231 232 235 231 226 215 203 215 205 190 214 219 234 233 205 189 190 197 189 206 200 196 194 194 185 188 172 177 161 198 193 193 174 180 170 179 189 180 196 184 179 189 194 202 189 199 192 204 197 194 194 191 191 199 200 192 178 184 188 193 193 200 171 167 180 186 186 181 180 181 186 188 193 199 194 190 201 194 196 189 179 187 195 189 184 183 199 195 194 188 194 191 203 199 190 191 182 188 184 
232 232 236 226 227 223 216 210 214 206 189 167 167 189 236 250 223 179 185 182 192 196 190 198 189 182 186 179 174 168 189 182 184 181 179 175 175 179 153 180 204 197 183 183 200 195 176 194 188 187 180 182 185 190 198 206 168 141 166 191 189 187 181 176 180 182 189 180 186 178 179 189 202 200 184 192 182 179 167 171 176 169 190 180 179 196 195 198 189 190 189 190 188 180 190 178 195 184 189 178 
231 237 226 218 201 198 189 202 220 228 210 174 204 190 188 240 240 203 190 183 178 185 191 198 188 182 189 183 176 178 173 183 180 177 182 189 188 178 183 168 186 194 192 164 191 208 196 188 180 201 203 198 185 194 183 194 187 172 178 181 172 180 177 185 198 185 188 163 182 155 151 177 187 177 187 182 189 176 159 162 178 165 182 167 181 200 195 188 200 201 190 199 189 176 178 179 184 187 185 168 
232 235 217 193 196 189 149 149 182 216 234 230 208 199 198 226 237 209 187 192 180 190 197 181 182 185 178 173 182 181 179 193 195 174 157 175 202 188 194 183 187 193 185 179 180 203 187 182 193 187 196 203 191 184 177 180 198 193 185 180 178 186 175 153 171 189 186 177 190 186 171 171 171 171 183 192 189 194 193 182 183 181 170 182 197 191 186 174 187 188 190 195 189 188 180 180 188 193 174 181 
229 233 206 197 197 147 180 159 160 206 196 210 183 201 221 216 215 191 190 191 183 203 200 174 181 188 169 156 127 144 160 183 197 186 166 190 184 166 180 185 189 186 176 166 173 194 181 187 191 186 186 181 186 179 194 193 191 193 184 191 187 195 188 155 165 194 193 184 196 191 202 189 171 189 184 182 194 194 195 185 175 179 189 191 194 195 178 186 179 187 196 196 181 190 182 173 177 189 191 192 
226 232 195 191 161 195 219 189 182 191 142 195 214 213 202 220 217 201 186 169 180 185 180 170 152 142 120 97 81 130 137 138 158 178 183 187 187 188 191 177 182 183 177 181 196 191 192 194 196 193 190 170 170 190 203 193 180 184 191 180 177 183 193 186 178 180 199 201 190 191 198 212 198 201 187 188 196 183 180 182 183 180 180 171 178 176 190 196 174 178 183 187 195 199 190 176 174 173 201 193 
217 225 202 181 160 185 192 189 206 182 209 218 198 200 199 195 218 202 174 147 143 132 129 122 114 113 104 97 104 153 164 133 132 165 192 183 167 177 201 198 162 191 193 198 194 185 180 192 192 193 187 184 175 180 188 181 179 182 190 179 164 162 181 194 192 188 190 191 186 199 199 190 193 204 192 201 205 174 173 188 172 177 177 168 165 183 185 169 155 173 180 176 193 195 183 179 178 178 190 198 
217 213 215 185 181 189 205 215 218 190 213 191 182 176 183 197 198 216 144 85 104 111 115 118 119 108 108 112 116 111 134 132 150 179 184 195 179 168 185 192 187 197 207 205 185 182 190 181 175 184 177 185 198 194 163 177 194 199 185 192 196 172 177 190 192 184 177 181 189 187 191 174 196 195 184 188 196 185 191 183 173 189 180 176 183 198 199 187 179 187 191 184 176 185 189 190 184 175 181 182 
225 216 223 196 199 205 217 207 210 189 188 176 144 94 97 164 202 209 181 111 134 126 123 122 121 126 126 126 123 106 116 139 152 175 186 180 175 177 189 190 206 196 203 193 177 193 193 176 159 173 171 195 201 203 179 175 185 191 185 183 200 188 173 181 172 185 192 190 176 177 189 179 183 173 180 186 186 196 208 201 186 177 170 180 191 198 195 184 198 202 196 194 191 181 193 207 187 190 191 183 
226 226 220 185 196 196 209 196 196 193 188 172 86 80 70 106 200 211 200 145 138 133 135 131 129 140 125 115 120 111 106 127 143 112 174 180 175 179 184 195 201 197 192 175 182 189 195 181 177 190 189 199 191 200 199 197 195 174 167 177 184 168 174 170 183 190 194 196 186 187 188 184 172 165 178 184 200 201 201 205 200 192 183 185 185 182 192 181 202 203 196 178 185 193 185 191 180 177 194 183 
202 196 199 182 186 182 201 206 207 206 185 176 74 75 96 94 168 219 218 162 117 118 126 131 131 137 130 109 101 116 110 113 137 157 164 170 172 163 180 185 203 206 193 185 183 172 168 181 192 183 183 190 188 190 188 184 201 189 181 194 181 170 196 187 194 187 190 190 198 190 188 190 178 188 185 180 186 186 198 193 190 193 176 197 204 199 201 209 192 179 183 188 182 186 193 186 189 192 195 195 
183 173 168 171 177 167 173 193 207 210 191 198 105 108 126 154 177 216 227 194 114 120 133 128 119 123 137 143 95 109 145 146 147 162 162 157 163 182 177 188 195 183 184 182 185 181 178 172 173 173 178 189 187 174 177 176 167 172 198 178 186 182 192 190 183 181 174 181 185 185 181 191 178 200 189 157 181 168 188 203 205 181 147 175 192 200 207 200 195 190 183 187 190 169 184 188 191 208 205 176 
187 175 179 175 172 175 175 188 195 205 195 206 191 180 189 198 198 215 227 213 123 104 132 139 123 121 121 133 149 105 111 149 171 165 175 163 169 191 191 181 195 175 172 180 181 194 168 152 163 164 181 186 184 195 175 177 172 169 178 187 174 188 187 187 179 182 170 177 178 176 181 196 196 190 195 186 171 182 195 185 184 185 182 178 179 185 199 175 181 197 177 181 187 188 171 198 192 206 202 193 
195 179 166 200 166 156 171 179 187 201 204 198 220 206 207 216 211 215 223 213 139 135 137 127 119 125 122 99 112 120 118 132 182 187 202 177 181 172 186 185 180 184 174 190 178 179 184 175 174 177 195 195 178 188 191 184 170 165 181 180 166 174 182 190 186 182 165 167 171 173 176 171 177 165 172 188 189 182 200 180 173 184 190 188 177 184 198 186 176 170 182 179 186 189 187 188 185 190 181 192 
193 182 128 165 190 189 169 180 194 197 202 196 210 215 217 223 226 221 222 188 129 133 135 142 137 133 134 118 106 122 132 121 134 151 186 193 184 182 183 190 177 182 172 186 180 175 180 192 181 190 185 192 187 166 180 177 169 180 154 148 170 167 175 169 188 192 149 141 176 175 184 177 171 172 170 180 186 179 183 207 180 161 171 183 196 195 181 189 189 179 183 155 172 170 190 178 177 187 187 181 
194 185 118 90 144 190 179 160 187 191 191 193 199 200 206 209 210 206 209 137 112 142 134 136 138 142 132 125 129 136 125 134 136 134 162 184 180 184 181 179 191 188 181 182 180 159 156 174 175 187 175 153 184 197 170 182 183 184 154 139 155 175 165 180 191 185 169 176 188 174 168 168 152 160 178 197 192 190 182 198 194 175 181 182 178 187 185 192 187 181 177 176 178 187 183 174 193 187 181 173 
185 182 154 89 88 118 125 119 150 167 176 181 179 168 169 175 175 165 169 130 104 136 131 118 125 131 137 130 125 110 109 116 133 126 125 143 165 183 182 179 186 204 191 155 162 162 163 149 177 182 175 191 200 197 186 173 190 187 193 177 168 179 192 184 178 168 192 197 170 173 174 170 157 166 184 186 185 175 179 195 198 176 186 169 185 181 146 162 186 186 183 184 182 185 180 191 190 196 191 172 
185 174 178 142 124 114 88 82 134 154 142 148 150 146 124 129 134 139 174 140 106 124 136 120 114 122 133 141 132 118 112 115 122 136 137 136 135 141 176 189 176 188 196 182 177 191 183 165 182 168 176 196 202 199 175 175 201 196 188 195 198 188 195 187 159 177 193 201 186 189 180 168 167 189 189 191 179 178 167 187 182 190 192 187 182 185 186 183 181 185 183 186 187 176 173 202 179 182 172 184 
184 173 176 168 140 115 89 85 72 144 162 157 139 159 162 156 154 158 172 133 108 119 119 129 106 103 104 88 68 83 119 139 136 119 121 132 138 113 99 154 182 182 186 188 204 191 179 183 185 174 177 179 198 191 163 184 201 193 182 188 199 193 195 187 180 173 165 180 176 162 179 187 184 183 191 214 200 191 187 177 182 191 185 197 203 189 190 186 169 167 171 173 183 190 177 195 182 173 180 187 
181 178 178 171 147 94 55 84 93 100 144 158 163 165 184 186 177 179 157 111 114 121 120 125 107 78 81 70 106 124 132 142 145 146 129 119 128 137 103 91 151 182 180 165 187 177 178 182 168 171 187 188 178 183 181 197 189 175 187 201 164 164 188 183 177 175 175 194 199 152 148 182 185 182 191 200 175 192 198 191 194 188 177 180 196 203 193 188 197 161 158 180 160 175 162 181 193 181 180 173 
175 176 174 156 151 116 43 74 95 91 86 93 106 112 129 148 152 158 122 104 111 123 127 124 129 99 96 130 137 131 130 127 129 127 140 138 134 138 136 124 110 150 135 150 185 190 185 160 157 182 177 166 183 182 190 185 186 188 181 194 165 158 181 173 191 185 178 191 193 159 171 190 180 182 184 188 178 187 182 196 191 174 184 191 178 171 184 184 190 174 169 186 181 187 175 180 185 186 169 180 
122 138 133 89 88 73 48 74 94 91 90 87 86 83 81 82 83 86 63 75 97 114 130 135 121 114 72 105 129 125 119 123 123 115 118 116 113 130 138 137 132 132 119 172 196 169 179 173 171 170 176 173 198 179 173 193 195 182 180 203 187 178 180 181 188 187 194 208 184 186 200 190 203 199 187 177 178 181 169 185 203 175 188 200 177 179 190 187 175 163 193 187 187 191 180 180 174 167 168 166 
81 67 57 51 48 62 71 71 91 92 89 88 89 88 87 88 83 76 61 49 52 92 108 122 113 105 94 92 120 125 126 112 110 106 107 117 108 112 125 143 149 136 123 140 162 179 187 198 190 176 193 192 197 198 186 187 172 161 180 199 189 198 198 189 191 174 177 177 179 177 178 189 188 189 189 198 191 178 141 167 200 185 190 190 191 172 180 170 167 167 185 185 171 186 183 188 194 187 177 169 
92 81 67 62 73 88 71 65 87 97 91 89 89 87 87 88 89 88 75 75 47 69 77 87 97 101 105 106 114 116 115 110 106 105 101 106 102 107 108 125 144 132 96 99 132 172 178 181 188 193 197 178 179 199 176 179 175 179 192 184 193 194 184 179 181 171 154 155 161 174 193 178 170 176 188 190 183 179 173 157 190 170 170 172 191 192 187 153 166 168 162 166 175 163 169 180 181 181 182 188 
92 86 83 79 79 81 67 85 89 95 91 89 85 86 86 88 98 91 71 79 82 84 79 92 102 111 117 112 110 105 112 108 106 101 98 100 100 101 98 102 124 136 142 137 136 134 131 136 171 182 182 183 178 190 185 177 177 179 186 171 171 167 176 161 161 172 161 179 180 175 185 199 190 167 174 162 158 182 192 178 180 156 182 189 181 187 192 182 182 185 184 163 180 170 174 185 167 164 183 189 
83 85 91 89 88 73 90 109 101 88 81 73 77 86 82 86 105 76 47 71 88 89 94 107 108 115 117 112 107 113 112 111 105 101 97 100 95 91 95 102 105 116 130 136 128 124 118 118 148 180 176 175 165 169 176 173 168 179 180 169 166 158 164 150 148 192 197 192 180 187 190 190 198 200 195 168 151 163 184 181 165 173 192 203 198 193 182 194 181 172 193 188 189 183 178 171 165 173 181 177 
86 83 95 97 95 103 108 102 101 101 95 79 67 104 78 56 81 48 49 58 81 94 92 102 111 110 108 108 113 113 112 111 105 101 100 98 100 103 94 101 118 123 116 122 118 125 126 126 112 145 177 176 160 144 171 192 188 183 178 174 193 164 170 182 179 191 191 178 195 191 193 199 190 208 196 162 173 170 194 188 197 185 195 176 203 194 186 188 191 194 188 200 191 189 191 194 183 156 188 189 
106 106 96 67 114 122 117 107 100 98 105 107 95 88 78 54 65 72 82 69 83 97 100 94 100 102 107 112 112 115 113 112 107 102 107 103 102 102 95 91 102 119 129 122 119 128 136 129 98 109 134 160 178 178 179 187 188 184 180 178 198 167 162 182 176 177 175 186 185 181 184 199 192 199 197 193 188 178 184 192 192 179 179 141 192 189 192 195 194 189 179 197 160 173 192 183 174 189 177 177 
120 115 63 104 124 116 105 107 107 108 110 107 103 98 98 92 77 82 101 95 91 97 97 94 94 98 107 112 114 113 114 112 107 106 102 102 106 103 98 100 101 112 120 119 131 137 129 111 107 127 134 122 142 195 185 190 189 187 180 174 181 189 180 183 181 176 177 177 173 179 171 185 186 190 198 208 197 193 192 190 192 181 172 168 184 177 187 196 194 168 182 189 158 156 172 188 189 193 177 155 
105 70 78 120 120 116 109 112 113 112 107 103 107 104 106 104 97 82 79 100 103 91 91 92 100 104 108 113 116 117 114 111 107 101 94 97 101 105 102 97 94 110 127 130 123 101 72 87 137 132 87 95 131 174 155 192 190 181 195 192 176 187 196 182 180 184 176 176 176 167 183 174 182 175 188 197 203 197 189 187 180 205 197 195 187 186 182 173 185 193 189 186 173 172 171 195 190 193 184 182 
100 82 112 115 113 109 101 102 103 108 108 106 109 108 109 108 101 100 89 74 91 105 101 100 100 105 109 116 117 117 112 111 102 95 94 97 103 107 107 114 123 130 125 108 79 73 107 118 113 83 91 128 129 150 158 170 185 189 200 181 191 173 191 181 188 188 172 179 164 151 177 196 179 177 180 179 190 188 183 184 183 190 201 197 184 184 189 176 156 192 170 175 190 192 182 181 191 191 194 181 
111 123 110 110 104 101 88 97 103 100 95 103 110 108 108 109 105 103 101 100 83 92 113 113 108 97 110 119 120 119 114 111 97 97 101 103 103 107 107 114 119 101 81 87 100 138 146 135 113 104 124 114 127 139 142 140 159 170 167 195 186 168 186 189 186 182 183 171 170 181 167 190 190 194 172 179 186 182 184 182 176 167 186 199 192 184 192 180 168 174 165 162 188 189 181 176 191 197 195 183 
93 113 82 108 103 102 79 92 108 99 91 101 102 101 105 110 112 110 105 103 108 103 101 113 123 112 107 122 119 117 116 106 96 110 114 115 115 114 103 89 76 79 99 124 136 136 140 144 139 124 100 118 128 129 131 133 135 136 139 154 172 177 170 185 184 172 179 180 184 184 192 194 212 212 218 207 172 168 163 180 187 154 161 189 184 194 189 174 170 156 181 167 176 192 192 191 181 184 187 190 
121 114 107 101 104 97 86 83 104 108 97 98 94 98 92 88 97 95 97 98 93 103 97 101 111 119 116 122 116 114 111 91 95 112 108 102 107 108 79 70 91 124 122 111 112 116 125 129 137 140 137 140 134 120 127 135 134 134 133 128 125 136 163 195 164 141 179 194 178 174 168 215 243 241 229 203 196 216 212 195 181 169 175 173 170 184 182 176 173 157 179 190 179 186 187 164 155 175 194 188 
134 120 114 115 109 92 89 72 94 109 100 94 95 98 100 91 82 82 76 81 83 80 85 88 98 103 93 92 110 107 96 78 90 97 136 126 83 96 98 103 113 101 97 91 77 70 90 100 119 128 129 134 141 141 126 124 126 127 132 137 134 112 117 176 155 128 155 183 173 178 215 233 222 216 227 237 238 230 231 211 174 184 183 186 182 177 198 190 188 191 191 195 180 163 167 185 161 179 184 177 
122 124 113 112 125 113 94 78 83 109 103 101 97 104 110 103 97 97 94 88 84 75 73 79 82 85 97 95 95 89 88 109 140 144 148 170 137 130 132 139 118 96 69 65 68 65 58 76 73 99 112 125 132 136 141 132 128 134 138 135 136 122 99 132 154 134 119 175 214 236 237 223 223 232 233 209 191 195 187 182 197 187 186 194 184 187 192 186 184 195 187 188 195 196 196 185 174 179 176 180 
110 95 116 105 116 126 116 94 65 105 106 104 105 110 110 105 108 108 109 108 95 95 98 95 89 92 84 101 83 84 101 146 147 154 148 168 161 157 149 145 124 116 82 67 64 80 72 69 89 59 73 97 117 125 134 140 138 134 132 137 136 141 114 121 141 122 180 236 242 234 223 219 224 214 183 135 161 180 184 158 178 188 203 190 186 189 198 186 181 176 181 164 188 190 177 173 182 183 173 167 
133 96 73 103 109 116 119 119 89 79 111 116 114 112 112 113 115 114 113 119 111 105 102 103 99 94 126 107 135 127 135 174 156 163 167 163 169 158 159 143 140 103 110 100 116 95 89 68 103 107 68 75 84 103 115 135 134 133 128 121 120 133 131 131 133 135 232 238 232 225 219 220 224 197 178 204 208 205 211 208 206 185 187 186 182 184 195 197 166 176 186 151 150 162 164 156 168 170 176 172 
135 116 60 54 98 107 114 116 116 86 81 108 118 119 120 119 116 118 118 113 111 106 103 99 103 101 155 162 128 159 166 177 179 171 179 184 170 144 160 149 158 141 123 127 124 121 127 113 98 125 115 82 70 83 92 122 134 127 130 121 124 141 138 110 112 125 199 219 210 213 217 224 225 222 232 233 220 219 216 226 234 185 167 178 195 190 175 191 176 173 194 153 144 126 155 141 149 169 187 185 
129 122 90 48 77 94 115 114 116 115 92 82 101 111 117 120 120 117 112 103 100 106 109 96 105 128 132 174 151 161 150 156 189 168 179 180 168 147 164 170 167 154 160 153 131 156 137 113 117 132 133 98 81 93 85 98 123 121 103 98 118 148 153 131 98 101 148 175 184 219 221 226 228 195 182 174 164 175 157 176 192 173 160 159 169 187 188 178 188 189 191 184 165 150 191 160 160 188 180 194 
123 125 103 70 70 95 117 118 116 109 111 98 64 65 70 75 81 94 102 97 107 99 89 110 119 158 154 172 176 150 148 159 166 165 180 185 177 154 168 178 155 166 158 156 155 141 150 147 135 141 134 133 121 121 94 94 93 113 113 121 132 139 132 114 93 94 124 153 205 228 227 229 230 202 182 185 164 180 174 198 189 186 179 175 174 186 198 193 192 180 173 185 177 190 204 185 183 195 189 194 
115 130 114 82 69 86 88 103 114 110 110 117 96 55 75 67 40 40 81 97 99 110 135 105 143 162 153 176 183 155 156 173 156 174 166 176 186 171 179 168 147 177 156 169 149 146 126 148 159 146 146 126 143 135 119 110 91 81 100 135 134 113 97 89 98 96 123 156 229 229 228 230 228 226 225 228 225 220 224 225 184 195 200 185 176 193 199 195 182 189 190 199 184 202 192 183 190 199 198 179 
114 132 126 94 86 91 84 84 95 111 113 113 117 116 87 71 78 65 98 149 116 139 171 122 158 183 164 183 182 183 159 154 178 185 171 164 176 164 173 170 149 169 161 153 167 161 152 134 144 148 158 140 138 128 133 112 101 96 83 108 115 107 107 103 113 93 124 207 237 231 231 236 229 167 161 180 181 189 184 173 170 186 196 197 191 160 179 189 187 182 190 186 198 206 199 184 194 188 180 180 
112 128 132 108 92 103 108 123 105 89 101 98 102 112 101 85 91 115 147 179 156 153 170 162 177 188 166 178 185 172 179 194 196 177 172 180 177 167 163 165 175 177 175 175 177 149 152 168 163 147 156 165 150 128 116 144 119 116 98 98 89 93 112 118 101 93 151 216 214 210 198 202 204 216 175 137 151 161 168 176 185 188 174 169 182 174 164 167 192 198 184 182 182 200 195 182 169 170 175 183 
101 124 131 119 100 105 117 124 131 89 88 101 110 116 122 99 111 136 139 176 160 143 169 182 183 187 189 175 166 158 175 196 183 189 190 195 172 186 184 182 177 191 198 178 174 184 160 163 170 165 159 157 163 169 155 143 144 115 102 115 115 74 100 97 80 79 100 125 113 103 132 147 160 183 226 215 202 183 165 169 184 198 172 158 162 170 174 160 152 180 184 184 183 190 184 171 167 190 195 180 
105 124 127 125 114 109 116 116 131 121 80 84 91 98 104 94 135 154 159 173 170 145 169 174 178 173 172 172 164 189 183 189 182 192 190 188 176 179 188 172 186 160 172 189 186 156 148 163 166 184 177 157 136 157 177 165 153 141 126 132 134 109 84 62 62 67 100 85 112 136 148 152 123 107 159 214 223 207 174 171 164 184 183 167 168 158 164 159 146 163 180 171 168 181 181 187 191 191 190 183 
110 109 116 133 131 112 112 122 126 130 110 130 84 125 153 112 114 169 188 173 177 173 177 177 178 175 169 179 179 174 181 179 175 180 182 176 172 178 179 163 182 183 155 167 197 154 147 181 163 178 174 157 149 144 162 165 172 155 160 149 149 151 115 110 106 92 111 109 122 158 155 147 152 135 139 156 168 157 168 182 159 158 186 180 162 161 173 179 160 158 166 185 182 187 189 187 189 183 165 171 
101 103 123 130 133 112 100 124 127 121 124 153 132 128 167 142 150 173 178 164 170 176 176 188 185 198 184 180 179 164 175 175 158 167 188 160 164 178 182 171 174 168 186 175 183 170 167 184 176 186 176 167 164 158 161 168 186 167 150 146 165 154 143 147 147 118 147 155 148 153 171 151 167 159 157 159 163 165 147 153 172 168 160 178 181 144 161 184 169 164 163 170 180 182 182 186 184 186 174 179 
104 113 122 109 126 127 105 105 127 117 110 138 159 149 154 141 156 168 173 167 173 190 183 187 175 178 175 186 176 179 179 170 137 157 183 148 156 170 163 159 169 173 166 179 163 191 186 189 175 179 185 185 175 155 168 166 180 171 137 179 182 164 149 150 150 152 162 143 146 162 167 167 158 161 152 172 177 154 133 152 163 175 160 164 178 181 171 186 186 182 180 178 155 164 172 185 172 193 202 199 
107 122 107 107 128 128 123 92 119 112 105 123 169 165 145 145 158 172 180 177 181 175 166 158 178 172 161 184 182 164 174 160 172 170 163 153 162 160 154 172 167 171 184 180 180 190 169 186 179 178 188 185 181 172 165 178 175 188 186 173 161 162 163 164 174 165 138 141 146 141 170 177 147 183 177 171 181 176 170 174 154 168 176 184 176 181 169 172 185 187 177 183 175 158 160 170 172 179 187 190 
112 116 92 113 131 135 132 100 108 115 109 115 144 167 164 183 171 169 172 180 182 168 165 147 160 173 150 167 187 154 172 165 177 163 155 179 174 161 176 173 180 170 174 171 155 182 179 183 167 163 173 170 171 175 183 191 184 181 187 200 192 179 177 177 178 179 172 164 166 175 167 163 176 174 185 189 185 192 193 181 163 147 173 190 185 163 168 183 170 178 180 184 182 173 158 160 176 167 181 197 
114 110 89 130 136 135 129 95 91 120 112 114 135 168 178 183 158 163 166 174 151 166 154 161 157 179 168 174 188 176 182 176 175 160 160 172 162 166 178 166 176 157 165 164 169 175 168 168 176 169 189 182 177 176 181 184 186 171 167 188 168 169 182 176 162 153 178 169 170 170 161 148 182 181 163 182 179 188 185 194 187 165 149 182 190 195 186 183 164 163 161 182 175 170 171 162 167 171 192 201 
116 100 113 136 136 133 124 89 77 117 117 116 120 167 186 174 147 163 159 185 141 162 176 182 175 173 179 163 179 186 189 183 174 165 166 162 148 156 167 184 172 162 159 166 178 181 141 131 182 182 182 166 181 174 159 175 185 178 187 177 159 175 183 160 163 167 171 160 172 182 170 185 178 186 183 186 185 183 178 174 183 195 192 199 200 184 188 170 157 170 179 173 188 185 180 162 144 146 187 194 
115 103 123 127 135 134 118 86 81 110 111 112 112 141 165 190 159 132 159 185 175 183 193 171 158 170 174 177 179 172 177 188 189 172 173 176 160 146 169 188 178 160 145 166 200 179 151 141 170 168 185 174 155 177 160 172 175 162 182 191 179 152 188 183 157 175 187 189 169 191 173 188 197 189 197 197 188 188 179 171 166 186 197 195 187 171 175 173 168 181 180 173 173 180 193 178 167 153 190 196 
110 118 125 130 136 132 112 91 84 104 119 123 123 136 135 172 192 170 159 171 171 186 187 173 157 174 182 196 189 175 178 171 181 193 186 164 175 155 179 179 153 157 169 182 197 153 171 184 174 146 154 175 175 178 176 179 182 179 177 191 184 174 190 191 199 186 195 201 171 166 163 169 182 172 177 183 174 183 189 186 188 194 185 172 176 175 184 181 157 167 169 167 171 178 187 200 190 182 185 188 
98 117 121 133 134 126 112 95 92 103 120 125 115 150 151 145 177 190 196 179 166 165 177 182 160 187 179 178 163 167 170 181 190 191 181 164 179 169 174 174 175 175 193 181 195 196 166 169 175 158 159 154 178 175 184 186 195 192 175 171 178 175 192 189 200 179 189 193 184 177 166 154 172 181 173 184 171 162 183 179 194 194 177 165 165 185 189 198 178 173 188 193 185 171 186 189 197 194 190 180 
91 112 121 129 130 132 123 106 95 97 107 108 119 151 164 157 159 157 181 184 173 145 163 163 174 172 177 179 175 158 173 171 180 189 178 148 167 182 174 164 188 193 196 184 187 202 181 185 192 175 163 173 179 183 186 183 193 180 177 189 181 174 187 174 195 183 168 184 194 183 172 182 174 196 187 185 173 173 190 185 166 175 185 178 151 178 179 188 185 183 193 196 191 164 175 181 189 189 190 177 
104 108 124 131 131 134 125 122 105 98 101 106 125 155 142 152 174 155 145 152 174 176 182 158 155 160 171 168 187 179 181 159 168 177 173 169 170 166 182 183 191 197 197 184 187 194 188 182 176 188 173 190 191 180 172 175 161 182 164 159 175 185 194 181 184 186 188 176 185 174 153 181 193 188 174 165 162 163 180 187 189 195 175 178 177 172 183 193 186 190 196 185 188 202 187 182 178 189 181 164 
133 105 126 129 129 121 134 140 123 114 107 115 125 153 150 149 174 178 162 161 149 178 190 189 158 150 155 151 191 181 174 172 180 179 178 170 167 163 171 176 173 179 192 191 180 176 180 188 178 179 174 172 194 189 175 184 138 159 185 152 166 174 177 181 195 190 178 174 164 164 167 176 182 170 179 189 166 165 181 178 180 186 169 161 182 180 174 193 181 193 202 181 178 195 193 182 174 177 178 168 
126 104 123 123 115 133 151 148 134 116 117 125 128 124 166 168 156 169 174 181 166 148 168 188 181 148 161 175 170 173 171 175 177 168 170 162 147 163 164 173 184 189 180 179 179 172 174 183 187 191 199 188 175 181 179 179 159 167 194 169 153 147 156 179 187 191 195 183 147 164 177 186 184 168 153 170 173 154 186 181 169 176 184 166 179 181 181 182 174 181 179 187 192 192 191 192 185 169 172 171 
109 112 123 131 117 132 151 148 140 107 117 122 113 126 139 169 160 176 164 176 168 172 188 167 182 173 182 169 147 141 171 173 194 170 170 164 157 161 163 174 194 188 173 155 168 163 171 186 192 186 201 198 169 173 193 188 170 195 195 182 167 161 158 175 182 183 193 186 180 165 168 178 168 167 185 177 185 187 177 174 161 158 189 181 186 188 176 186 171 168 169 170 180 184 177 187 184 159 154 175 
99 107 114 123 116 136 138 114 105 103 121 106 100 123 142 157 154 147 178 182 173 178 182 158 161 160 164 178 166 160 166 167 183 179 167 170 168 185 176 157 178 192 187 173 157 169 172 188 188 179 182 193 169 169 176 188 197 190 190 187 190 195 169 146 174 187 185 173 174 182 165 168 169 175 198 188 174 196 188 167 183 180 185 182 186 182 166 154 183 165 170 165 178 182 174 186 180 161 172 177 
108 106 90 92 113 111 107 117 112 107 110 122 134 104 121 158 151 165 176 175 177 164 161 151 162 174 173 168 158 161 168 176 179 174 166 147 158 169 192 175 185 169 177 173 168 172 167 178 190 184 173 178 192 181 170 183 200 179 186 197 182 188 183 170 164 164 176 175 171 181 167 177 179 204 176 175 182 176 197 185 177 182 179 186 192 172 162 151 167 158 175 170 178 171 181 182 192 160 188 183 
114 103 62 86 95 85 83 90 123 122 114 114 137 126 127 142 141 167 174 152 176 163 169 167 169 187 188 168 153 150 161 182 170 162 165 159 142 159 181 195 179 165 168 167 166 174 135 167 176 198 185 165 181 187 163 173 187 176 175 186 173 191 161 178 176 173 160 112 169 197 183 167 180 176 168 175 159 172 152 184 176 160 175 194 190 180 179 172 154 162 154 167 180 161 159 177 180 178 183 177 
113 94 51 71 65 89 109 103 125 136 118 116 118 131 133 138 123 158 162 173 158 146 159 159 161 182 173 176 173 151 174 180 163 165 162 176 174 164 169 172 181 172 178 148 153 183 173 162 173 187 187 170 172 184 173 169 175 184 170 170 179 181 152 143 175 177 170 145 185 190 180 166 168 180 183 184 161 182 182 201 186 155 170 190 193 181 179 173 146 166 164 168 176 180 157 147 168 186 180 188 
104 88 83 95 105 114 104 137 192 165 131 122 112 134 158 139 140 151 145 165 158 152 152 167 172 198 173 153 174 192 192 185 173 177 183 171 180 183 188 166 159 173 161 177 175 172 185 173 182 182 187 181 179 176 182 181 175 192 180 161 165 175 158 150 170 178 177 171 178 173 167 193 196 185 191 189 175 179 197 207 190 169 164 166 177 181 179 169 154 161 169 162 175 183 182 154 153 181 176 196 
104 101 117 115 102 74 139 219 230 212 165 126 102 107 146 159 157 153 154 162 165 148 174 187 182 185 188 181 179 192 193 180 171 180 188 169 181 182 178 194 183 183 187 181 194 183 169 180 163 187 180 167 153 144 144 175 180 172 174 169 147 178 159 142 175 170 157 154 144 159 145 169 186 166 169 194 189 190 195 194 168 169 158 171 182 176 179 174 171 171 182 176 160 162 183 188 148 169 170 169 
137 104 107 101 88 90 202 234 232 230 207 141 85 82 115 156 165 156 143 177 175 159 149 156 166 151 170 189 173 193 188 165 160 181 169 174 174 174 174 191 185 188 179 170 192 190 158 178 162 175 177 166 155 161 175 181 171 171 178 178 185 190 182 185 196 184 170 174 165 174 155 165 151 160 174 197 190 185 180 191 161 150 170 179 171 174 175 184 187 181 190 191 172 160 172 184 185 163 168 153 
166 128 93 79 59 112 220 233 233 236 235 205 83 98 133 144 163 152 136 154 174 180 160 176 175 175 176 189 171 167 166 179 163 151 155 163 169 170 178 167 154 166 169 169 190 189 181 197 186 174 176 167 158 150 174 157 151 173 173 156 174 192 173 186 199 183 167 147 174 175 171 174 168 159 182 184 160 175 157 188 165 150 162 151 164 151 150 179 177 180 189 189 178 187 188 174 191 187 180 174 
141 111 90 81 0 148 229 230 218 228 233 238 165 104 141 155 168 148 149 129 153 182 186 163 171 187 151 175 177 186 173 184 166 157 143 147 168 174 166 162 150 163 172 152 165 180 170 175 166 166 170 177 171 147 178 159 141 156 171 173 166 181 163 192 197 185 181 183 171 168 165 170 172 178 185 180 144 169 155 174 172 168 146 140 170 180 156 166 153 186 192 171 160 171 181 184 182 184 160 187 
122 99 87 72 42 181 234 228 218 219 232 238 238 176 149 162 164 112 149 156 142 155 162 136 153 162 132 162 185 166 174 164 149 153 157 135 174 177 184 173 177 177 169 159 146 179 175 156 165 171 182 172 179 174 158 163 184 151 174 181 180 188 169 175 183 186 192 187 189 179 165 159 159 181 175 179 155 167 168 161 158 176 177 182 182 186 180 161 176 177 184 182 175 178 184 175 186 181 164 178 
118 127 94 81 48 198 238 224 210 181 214 239 245 230 136 157 164 135 153 164 143 147 153 154 145 132 161 160 164 156 147 176 133 119 160 156 178 194 182 191 179 166 184 194 178 187 172 143 150 178 184 179 183 171 162 155 173 166 153 167 186 180 140 165 181 195 181 190 189 172 182 181 180 192 168 174 172 159 176 166 150 164 175 177 170 174 183 151 160 173 160 177 197 179 187 184 183 190 186 184 
165 149 136 128 115 209 235 204 168 103 149 225 234 244 187 127 146 156 171 153 166 159 142 155 161 147 162 172 167 165 143 160 167 150 177 159 176 172 157 164 158 123 145 174 176 191 192 174 150 150 147 160 177 181 174 170 183 182 187 191 186 188 174 175 187 166 173 186 175 174 181 179 189 188 165 168 183 174 168 177 175 178 168 176 177 170 183 176 184 179 170 163 202 184 179 195 175 158 171 185 
153 134 179 156 143 217 233 195 145 108 123 187 235 243 230 150 142 146 167 156 160 136 146 162 151 123 158 165 146 147 149 172 197 194 184 171 179 162 160 152 157 150 152 175 171 162 172 189 164 148 168 173 164 175 178 176 185 187 188 197 188 179 178 184 197 167 145 169 169 167 179 184 170 169 170 173 166 182 169 159 182 200 189 197 185 195 179 159 175 194 167 169 171 184 172 179 191 178 180 183 
132 144 148 113 150 219 232 212 155 113 123 152 199 235 215 136 146 150 160 156 148 121 150 153 154 151 159 162 137 156 167 193 182 169 146 165 179 158 145 158 137 143 161 170 174 169 166 186 159 155 157 172 174 179 172 179 181 184 164 167 176 174 158 179 188 177 139 167 171 177 175 183 180 176 161 155 172 189 173 152 151 181 202 193 177 194 185 160 169 183 184 164 150 168 160 191 198 196 181 166 
153 142 121 110 154 217 235 223 155 110 117 164 143 158 149 132 121 160 167 167 159 145 149 158 148 154 174 174 150 149 161 161 152 174 163 168 170 145 130 161 141 137 173 173 172 172 143 179 181 157 153 147 140 123 149 161 156 154 145 164 178 166 174 173 183 194 168 172 175 156 177 179 173 172 165 162 176 196 185 162 152 169 189 172 177 176 198 197 188 168 185 182 159 151 165 189 175 177 191 172 
147 147 95 96 162 218 233 236 178 106 115 161 171 118 147 153 132 167 165 159 165 151 150 164 134 147 164 167 171 148 165 168 179 188 142 136 162 152 129 172 153 159 178 174 170 157 142 179 166 172 161 177 175 132 138 152 149 158 175 172 193 169 171 159 185 202 196 146 150 156 172 171 184 172 169 169 153 176 174 163 175 166 183 188 168 159 189 180 172 187 188 180 188 179 170 170 161 176 167 168 
156 167 127 142 175 221 234 239 203 135 132 137 179 150 153 137 122 159 146 150 159 134 142 172 154 156 184 189 174 165 175 151 134 170 189 156 163 170 153 168 140 168 175 158 175 172 164 168 146 171 182 191 181 168 157 172 186 193 177 163 171 178 169 171 172 188 178 183 161 166 169 183 181 176 174 187 158 176 175 157 154 108 164 187 175 162 181 187 176 186 182 186 182 193 197 183 172 183 193 188 
179 144 169 164 183 226 236 236 207 144 150 162 170 154 144 152 140 148 122 144 144 128 169 154 160 158 166 192 181 171 190 160 147 149 163 146 169 185 183 162 143 159 172 157 149 173 161 171 167 163 176 165 159 188 175 175 164 129 134 157 183 186 184 173 164 183 196 169 163 157 174 172 169 175 183 178 178 173 179 177 177 149 157 198 185 154 169 195 190 150 179 170 167 180 190 196 195 180 171 184 
143 152 179 179 198 228 220 221 230 205 160 152 151 169 154 137 155 155 145 151 154 149 160 154 145 158 144 154 165 157 161 185 181 149 139 161 165 170 168 165 167 140 177 170 169 172 179 180 160 168 179 163 164 181 173 150 165 148 130 165 179 190 182 176 177 158 181 185 170 180 190 174 170 165 185 186 156 168 163 173 172 167 173 188 185 150 158 169 196 165 155 148 171 161 185 176 177 177 194 174 
145 162 167 159 181 230 206 194 227 241 226 189 160 169 174 172 174 182 144 146 169 159 149 144 154 174 176 132 151 146 173 151 158 154 163 180 183 158 169 147 161 163 173 153 168 175 176 180 163 167 172 169 167 177 167 146 147 176 165 179 170 175 165 172 166 160 140 191 199 198 194 188 182 167 152 188 190 188 190 181 160 170 181 187 177 181 177 146 174 186 170 179 162 148 152 182 169 169 193 188 
160 161 151 142 173 232 216 176 203 227 234 245 200 161 160 155 189 191 180 173 169 152 138 137 167 158 160 162 155 163 167 170 148 173 170 176 176 163 165 167 152 176 169 177 174 160 164 180 191 170 167 166 176 174 189 177 158 164 187 184 157 171 179 177 132 160 157 190 180 189 188 157 170 178 160 149 190 172 177 192 185 193 172 176 187 175 172 169 163 179 175 182 152 160 161 168 179 172 181 176 
132 169 172 166 164 213 230 205 163 164 179 186 158 151 166 162 177 177 175 158 166 166 140 181 182 124 132 159 175 174 154 163 180 163 159 155 168 160 139 173 179 177 166 160 171 180 170 186 166 156 162 161 146 164 192 199 187 169 170 178 171 168 179 164 158 153 173 181 192 174 186 166 144 142 152 139 173 190 184 160 180 196 160 166 187 172 171 170 182 180 172 181 176 180 158 173 160 163 161 171 
172 161 165 163 176 179 226 221 199 159 154 137 111 149 164 169 173 173 165 175 175 172 156 181 155 157 168 157 174 182 175 152 150 153 145 157 171 176 155 152 187 188 160 171 161 164 192 178 139 165 180 170 162 167 186 197 176 163 180 170 183 179 182 166 165 175 165 171 168 179 169 182 173 157 164 152 167 196 185 153 135 168 188 161 180 180 197 183 190 175 182 185 181 182 168 158 172 158 154 173 
174 152 152 155 162 131 189 224 227 205 171 118 111 164 165 151 171 170 158 169 155 166 179 183 148 172 172 155 178 181 153 180 125 138 141 145 166 161 169 131 149 172 168 157 180 138 172 185 152 154 155 149 169 149 176 200 186 151 178 179 179 182 191 172 154 167 179 172 165 162 177 181 166 184 172 168 168 188 189 178 159 133 172 192 173 163 186 189 182 181 180 183 170 159 173 180 168 169 164 180 
181 160 173 171 154 133 155 170 185 190 182 99 145 191 147 133 170 173 159 167 167 180 184 179 184 177 187 180 163 167 115 151 177 157 134 149 177 159 156 156 120 130 176 140 167 168 133 182 174 131 142 170 174 165 169 185 167 141 144 168 183 163 176 190 165 161 156 154 157 174 171 183 164 167 184 160 160 176 175 180 181 165 177 182 189 169 186 186 193 178 161 173 156 168 152 148 150 168 180 176 
167 148 166 174 175 146 170 137 165 137 163 155 158 188 151 148 179 172 182 179 166 182 178 172 178 183 173 186 165 169 156 153 178 170 154 181 178 187 161 161 138 143 164 152 138 178 159 157 188 162 162 184 158 157 181 194 134 149 128 130 170 192 163 168 188 150 159 165 162 180 196 158 155 166 171 169 143 161 168 157 180 185 175 152 178 164 188 171 166 181 183 177 155 157 164 136 140 139 158 182 
174 151 145 143 154 176 180 158 163 156 153 183 142 176 155 141 174 156 155 168 163 160 169 164 165 183 141 134 189 176 165 163 179 188 188 179 174 183 168 139 157 170 162 167 147 161 166 152 178 183 171 171 141 188 186 194 174 152 127 144 164 186 182 156 172 191 164 172 174 159 178 179 151 159 169 195 166 139 176 159 159 190 184 168 174 149 156 165 163 171 179 173 184 161 164 149 168 133 118 172 
163 156 161 152 138 169 176 155 156 173 157 180 165 172 161 149 170 156 130 168 164 162 174 169 159 182 169 161 175 177 164 160 185 196 182 172 187 182 171 151 153 178 168 164 191 193 181 183 184 181 186 163 183 192 166 179 178 184 180 180 157 158 185 168 169 186 186 195 198 184 152 181 180 159 184 188 143 129 182 171 148 176 170 186 183 191 175 175 176 179 177 174 171 164 163 167 169 181 146 171 
176 176 147 151 180 164 172 150 163 167 146 169 180 154 175 151 165 171 166 134 164 175 173 167 164 172 168 156 157 151 160 158 169 189 172 175 171 193 184 176 166 160 180 180 194 186 187 151 159 179 176 187 196 153 154 175 181 183 185 184 163 146 178 188 165 161 179 170 180 189 164 161 167 171 178 169 167 144 182 168 161 172 178 183 185 195 200 187 176 177 186 172 168 164 145 174 167 177 178 182 