-15
18
-25
67
-97
11
75
79
30
-95
37
43
48
-60
-90
29
69
39
-73
81
13
35
28
-20
16
-72
44
69
-16
-86
44
72
35
-16
-74
60
54
-42
-96
-17
-80
-62
25
-11
-38
61
33
-89
-76
-57
45
8
-59
-56
-82
-45
-27
-98
34
52
99
-77
68
-84
7
66
-16
54
-48
26
-17
-56
45
-25
90
35
-3
-20
-76
-97
22
21
-74
25
-40
-29
61
-60
73
37
66
79
27
50
-54
23
-57
-78
-98
-21
-50
-25
-8
88
-47
59
45
72
-26
3
-56
-17
-45
-4
-22
25
39
-17
24
-23
86
59
91
-62
47
-100
16
62
-85
-36
-61
-9
21
-70
55
41
97
22
-62
-47
-33
16
-65
36
-23
-72
43
-87
88
32
15
-64
5
-15
21
82
58
6
-7
17
84
43
14
95
-73
54
-65
-38
-11
36
8
-44
-57
70
-60
28
-95
-6
-62
4
-46
-87
-16
-93
22
47
-19
-91
93
27
-41
86
28
85
-82